type,date time,latitude,longitude,accuracy(m),altitude(m),geoid_height(m),speed(m/s),bearing(deg),sat_used,sat_inview,name,desc
T,2023-11-14 16:39:04,42.20671492,-71.12114799,1.79,40.229,,0.072,104,22,22,20231114-113904,GPS Logger: 20231114-113904 - Bradley
T,2023-11-14 16:39:05,42.20671665,-71.12115041,1.73,40.463,,0.151,104,22,22,,
T,2023-11-14 16:39:06,42.20671805,-71.12115193,1.70,40.780,,0.149,104,22,22,,
T,2023-11-14 16:39:07,42.20671833,-71.12115217,1.67,41.111,,0.123,104,21,22,,
T,2023-11-14 16:39:08,42.20671815,-71.12115353,1.67,41.354,,0.177,104,21,22,,
T,2023-11-14 16:39:09,42.20671827,-71.12115412,1.65,41.850,,0.191,104,21,22,,
T,2023-11-14 16:39:10,42.20671725,-71.12115301,1.62,42.293,,0.158,104,22,22,,
T,2023-11-14 16:39:11,42.20671836,-71.12115147,1.62,42.432,,0.052,104,22,22,,
T,2023-11-14 16:39:12,42.20671803,-71.12115117,1.72,42.222,,0.001,104,22,22,,
T,2023-11-14 16:39:13,42.20671906,-71.12114981,1.67,42.683,,0.019,104,22,22,,
T,2023-11-14 16:39:14,42.20671976,-71.12114872,1.65,42.906,,0.021,104,20,22,,
T,2023-11-14 16:39:15,42.20671948,-71.12114776,1.61,43.271,,0.043,104,22,22,,
T,2023-11-14 16:39:16,42.20671934,-71.12114866,1.60,43.634,,0.072,104,19,22,,
T,2023-11-14 16:39:17,42.20671912,-71.12114955,1.59,44.020,,0.113,104,21,22,,
T,2023-11-14 16:39:18,42.20671951,-71.12115133,1.58,44.220,,0.122,104,19,22,,
T,2023-11-14 16:39:19,42.20672005,-71.12115001,1.70,43.897,,0.003,104,20,22,,
T,2023-11-14 16:39:20,42.20672018,-71.12115002,1.81,43.726,,0.002,104,19,22,,
T,2023-11-14 16:39:21,42.20672025,-71.12114997,1.92,43.591,,0.002,104,19,22,,
T,2023-11-14 16:39:22,42.20672028,-71.12114993,2.02,43.487,,0.001,104,20,22,,
T,2023-11-14 16:39:23,42.20672030,-71.12114991,2.12,43.395,,0.001,104,20,22,,
T,2023-11-14 16:39:24,42.20671964,-71.12115139,1.93,43.946,,0.014,104,20,22,,
T,2023-11-14 16:39:25,42.20671902,-71.12115283,1.82,44.296,,0.283,104,20,22,,
T,2023-11-14 16:39:26,42.20671778,-71.12114867,1.76,44.422,,0.984,104,20,22,,
T,2023-11-14 16:39:27,42.20671285,-71.12112867,1.73,44.560,,2.628,102,20,22,,
T,2023-11-14 16:39:28,42.20670306,-71.12108804,1.69,44.593,,4.217,101,20,22,,
T,2023-11-14 16:39:29,42.20668982,-71.12102630,1.66,44.388,,5.743,101,21,22,,
T,2023-11-14 16:39:30,42.20667646,-71.12094814,1.64,44.089,,7.008,101,21,22,,
T,2023-11-14 16:39:31,42.20666331,-71.12085473,1.65,43.908,,8.223,102,21,22,,
T,2023-11-14 16:39:32,42.20664365,-71.12074653,1.68,43.400,,9.325,104,20,22,,
T,2023-11-14 16:39:33,42.20662040,-71.12063101,1.70,42.874,,10.193,105,19,22,,
T,2023-11-14 16:39:34,42.20659076,-71.12050355,1.73,42.512,,10.964,107,18,22,,
T,2023-11-14 16:39:35,42.20655545,-71.12037081,1.75,42.221,,11.341,109,19,22,,
T,2023-11-14 16:39:36,42.20651888,-71.12024200,1.74,41.790,,10.975,110,19,21,,
T,2023-11-14 16:39:37,42.20648387,-71.12012034,1.71,41.474,,10.126,110,19,21,,
T,2023-11-14 16:39:38,42.20645242,-71.12000908,1.70,41.040,,9.157,111,18,21,,
T,2023-11-14 16:39:39,42.20642507,-71.11991355,1.70,40.447,,7.650,112,19,21,,
T,2023-11-14 16:39:40,42.20640176,-71.11984123,1.70,39.919,,5.623,115,20,21,,
T,2023-11-14 16:39:41,42.20638301,-71.11979579,1.72,39.463,,3.280,118,19,21,,
T,2023-11-14 16:39:42,42.20637261,-71.11977353,1.71,39.286,,1.231,120,19,21,,
T,2023-11-14 16:39:43,42.20637051,-71.11976913,1.70,39.128,,0.207,120,19,21,,
T,2023-11-14 16:39:44,42.20637099,-71.11976977,1.67,39.300,,0.284,120,20,22,,
T,2023-11-14 16:39:45,42.20636978,-71.11977036,1.64,39.346,,0.206,120,20,22,,
T,2023-11-14 16:39:46,42.20636948,-71.11976975,1.63,39.414,,0.133,120,20,22,,
T,2023-11-14 16:39:47,42.20636995,-71.11976875,1.72,38.909,,0.003,120,20,22,,
T,2023-11-14 16:39:48,42.20637012,-71.11976849,1.83,38.738,,0.004,120,20,22,,
T,2023-11-14 16:39:49,42.20636949,-71.11976916,1.71,39.156,,0.018,120,20,22,,
T,2023-11-14 16:39:50,42.20636933,-71.11976915,1.63,39.372,,0.037,120,21,22,,
T,2023-11-14 16:39:51,42.20637035,-71.11976982,1.60,39.403,,0.046,120,21,22,,
T,2023-11-14 16:39:52,42.20637066,-71.11976994,1.71,39.104,,0.002,120,21,22,,
T,2023-11-14 16:39:53,42.20637087,-71.11976990,1.83,38.956,,0.000,120,21,22,,
T,2023-11-14 16:39:54,42.20637094,-71.11976989,1.93,38.888,,0.000,120,21,22,,
T,2023-11-14 16:39:55,42.20637097,-71.11976988,2.03,38.837,,0.001,120,21,22,,
T,2023-11-14 16:39:56,42.20637099,-71.11976987,2.13,38.793,,0.001,120,21,22,,
T,2023-11-14 16:39:57,42.20637290,-71.11977045,1.90,39.167,,0.116,120,21,22,,
T,2023-11-14 16:39:58,42.20637484,-71.11976753,1.75,39.222,,0.363,120,21,22,,
T,2023-11-14 16:39:59,42.20637365,-71.11975979,1.68,39.140,,0.770,121,21,22,,
T,2023-11-14 16:40:00,42.20637077,-71.11975015,1.63,39.103,,1.065,122,21,22,,
T,2023-11-14 16:40:01,42.20636168,-71.11973444,1.61,39.161,,2.499,127,21,22,,
T,2023-11-14 16:40:02,42.20633461,-71.11970500,1.63,38.902,,4.988,140,21,22,,
T,2023-11-14 16:40:03,42.20628574,-71.11967167,1.64,38.465,,7.550,153,21,22,,
T,2023-11-14 16:40:04,42.20620666,-71.11963623,1.66,37.728,,9.754,163,19,22,,
T,2023-11-14 16:40:05,42.20610921,-71.11961299,1.65,36.787,,11.314,173,20,22,,
T,2023-11-14 16:40:06,42.20599551,-71.11960192,1.63,36.145,,12.773,175,20,22,,
T,2023-11-14 16:40:07,42.20586933,-71.11958876,1.62,35.937,,14.083,175,20,22,,
T,2023-11-14 16:40:08,42.20573646,-71.11957552,1.62,35.546,,15.147,175,20,22,,
T,2023-11-14 16:40:09,42.20559085,-71.11955874,1.62,34.916,,16.206,175,20,22,,
T,2023-11-14 16:40:10,42.20543660,-71.11954018,1.58,34.501,,16.994,175,20,22,,
T,2023-11-14 16:40:11,42.20528407,-71.11952405,1.58,34.364,,16.992,176,20,22,,
T,2023-11-14 16:40:12,42.20512864,-71.11950994,1.60,34.214,,17.020,176,20,22,,
T,2023-11-14 16:40:13,42.20497428,-71.11949782,1.60,34.213,,16.948,176,20,22,,
T,2023-11-14 16:40:14,42.20482052,-71.11948641,1.59,34.056,,16.872,176,20,22,,
T,2023-11-14 16:40:15,42.20466637,-71.11947313,1.58,34.164,,16.950,176,20,22,,
T,2023-11-14 16:40:16,42.20451327,-71.11946096,1.58,34.537,,17.134,176,20,22,,
T,2023-11-14 16:40:17,42.20435667,-71.11944718,1.58,34.758,,17.407,176,20,22,,
T,2023-11-14 16:40:18,42.20419720,-71.11943323,1.59,35.178,,17.604,176,20,22,,
T,2023-11-14 16:40:19,42.20403734,-71.11941850,1.59,35.576,,17.772,176,20,22,,
T,2023-11-14 16:40:20,42.20387335,-71.11940186,1.61,36.346,,17.939,176,20,22,,
T,2023-11-14 16:40:21,42.20370793,-71.11938607,1.59,37.142,,17.944,176,21,22,,
T,2023-11-14 16:40:22,42.20354371,-71.11937146,1.60,37.678,,17.814,176,21,22,,
T,2023-11-14 16:40:23,42.20338074,-71.11935643,1.60,38.108,,17.745,176,22,22,,
T,2023-11-14 16:40:24,42.20322021,-71.11934180,1.60,38.838,,17.804,176,22,22,,
T,2023-11-14 16:40:25,42.20305307,-71.11932593,1.58,39.337,,17.811,176,22,22,,
T,2023-11-14 16:40:26,42.20289364,-71.11931020,1.58,39.942,,17.139,176,22,22,,
T,2023-11-14 16:40:27,42.20274228,-71.11929469,1.57,40.571,,16.300,175,22,22,,
T,2023-11-14 16:40:28,42.20259980,-71.11927800,1.57,41.203,,15.614,175,22,22,,
T,2023-11-14 16:40:29,42.20246277,-71.11926259,1.57,41.709,,15.633,175,22,22,,
T,2023-11-14 16:40:30,42.20232107,-71.11924728,1.60,41.944,,15.902,175,22,22,,
T,2023-11-14 16:40:31,42.20217571,-71.11923156,1.62,42.510,,16.508,175,22,22,,
T,2023-11-14 16:40:32,42.20202225,-71.11921552,1.65,42.789,,17.108,176,21,22,,
T,2023-11-14 16:40:33,42.20186648,-71.11920057,1.66,43.243,,17.674,176,22,22,,
T,2023-11-14 16:40:34,42.20170183,-71.11918609,1.65,43.778,,18.146,176,21,22,,
T,2023-11-14 16:40:35,42.20154032,-71.11917294,1.67,44.248,,17.815,176,21,22,,
T,2023-11-14 16:40:36,42.20137769,-71.11916287,1.68,44.509,,17.961,176,22,22,,
T,2023-11-14 16:40:37,42.20121852,-71.11915535,1.67,44.503,,17.896,177,21,22,,
T,2023-11-14 16:40:38,42.20106639,-71.11914456,1.66,44.524,,17.801,178,21,22,,
T,2023-11-14 16:40:39,42.20091301,-71.11913632,1.66,44.585,,17.817,178,21,22,,
T,2023-11-14 16:40:40,42.20075943,-71.11912982,1.67,44.438,,17.904,179,21,22,,
T,2023-11-14 16:40:41,42.20060782,-71.11912369,1.67,44.619,,17.886,180,20,22,,
T,2023-11-14 16:40:42,42.20045399,-71.11912104,1.70,44.933,,17.904,180,21,22,,
T,2023-11-14 16:40:43,42.20030415,-71.11912054,1.74,45.440,,17.726,181,20,21,,
T,2023-11-14 16:40:44,42.20015784,-71.11912237,1.76,45.965,,17.609,181,20,21,,
T,2023-11-14 16:40:45,42.20000891,-71.11912638,1.77,46.905,,17.620,182,20,21,,
T,2023-11-14 16:40:46,42.19985999,-71.11913081,1.79,47.726,,17.560,182,20,21,,
T,2023-11-14 16:40:47,42.19971042,-71.11913639,1.79,48.584,,17.293,181,20,21,,
T,2023-11-14 16:40:48,42.19956456,-71.11914111,1.77,49.227,,17.012,181,20,21,,
T,2023-11-14 16:40:49,42.19941853,-71.11914734,1.75,49.424,,16.945,182,20,21,,
T,2023-11-14 16:40:50,42.19927097,-71.11915409,1.73,49.691,,16.771,182,20,21,,
T,2023-11-14 16:40:51,42.19912561,-71.11916175,1.71,49.977,,16.633,181,19,21,,
T,2023-11-14 16:40:52,42.19897859,-71.11916590,1.71,50.117,,16.506,181,20,21,,
T,2023-11-14 16:40:53,42.19883068,-71.11916625,1.71,50.374,,16.581,180,19,21,,
T,2023-11-14 16:40:54,42.19868336,-71.11916577,1.68,50.607,,16.709,180,20,21,,
T,2023-11-14 16:40:55,42.19853567,-71.11916885,1.66,50.722,,16.857,181,20,21,,
T,2023-11-14 16:40:56,42.19838008,-71.11917247,1.68,50.722,,17.285,181,20,21,,
T,2023-11-14 16:40:57,42.19822339,-71.11917798,1.70,50.830,,17.668,181,18,21,,
T,2023-11-14 16:40:58,42.19806026,-71.11918672,1.71,50.644,,18.076,182,19,21,,
T,2023-11-14 16:40:59,42.19789289,-71.11919617,1.72,50.543,,18.524,181,19,21,,
T,2023-11-14 16:41:00,42.19772422,-71.11920362,1.72,50.497,,18.893,181,19,21,,
T,2023-11-14 16:41:01,42.19754874,-71.11920840,1.72,50.217,,19.274,180,19,21,,
T,2023-11-14 16:41:02,42.19737341,-71.11920828,1.74,49.869,,19.463,179,19,20,,
T,2023-11-14 16:41:03,42.19719635,-71.11920377,1.78,49.280,,19.622,178,19,20,,
T,2023-11-14 16:41:04,42.19701620,-71.11919432,1.81,48.745,,19.733,177,19,20,,
T,2023-11-14 16:41:05,42.19683925,-71.11918040,1.83,48.078,,19.852,176,19,21,,
T,2023-11-14 16:41:06,42.19665858,-71.11915768,1.85,47.441,,19.860,175,19,20,,
T,2023-11-14 16:41:07,42.19647654,-71.11913109,1.86,46.609,,19.912,174,19,21,,
T,2023-11-14 16:41:08,42.19629939,-71.11910066,1.89,45.722,,19.793,173,19,20,,
T,2023-11-14 16:41:09,42.19612138,-71.11906805,1.89,44.843,,19.659,172,19,21,,
T,2023-11-14 16:41:10,42.19594418,-71.11903232,1.87,44.067,,19.746,172,19,21,,
T,2023-11-14 16:41:11,42.19576745,-71.11899616,1.85,43.329,,19.844,172,19,21,,
T,2023-11-14 16:41:12,42.19559306,-71.11895919,1.86,42.721,,19.895,171,19,21,,
T,2023-11-14 16:41:13,42.19541572,-71.11892190,1.85,41.965,,19.971,171,19,21,,
T,2023-11-14 16:41:14,42.19523912,-71.11888193,1.84,40.853,,19.794,171,18,21,,
T,2023-11-14 16:41:15,42.19506657,-71.11884006,1.86,39.592,,19.488,170,19,21,,
T,2023-11-14 16:41:16,42.19490188,-71.11879673,1.88,38.702,,18.426,169,19,21,,
T,2023-11-14 16:41:17,42.19474587,-71.11875525,1.88,37.748,,17.059,168,19,21,,
T,2023-11-14 16:41:18,42.19460978,-71.11871302,1.83,37.213,,14.538,168,19,21,,
T,2023-11-14 16:41:19,42.19449773,-71.11867673,1.83,36.710,,11.716,167,18,21,,
T,2023-11-14 16:41:20,42.19440574,-71.11864158,1.84,36.278,,11.004,166,18,21,,
T,2023-11-14 16:41:21,42.19431191,-71.11861057,1.84,35.830,,11.210,166,19,21,,
T,2023-11-14 16:41:22,42.19421621,-71.11857806,1.79,34.844,,11.807,166,19,21,,
T,2023-11-14 16:41:23,42.19411057,-71.11854417,1.76,33.668,,12.762,166,18,21,,
T,2023-11-14 16:41:24,42.19400165,-71.11850978,1.72,32.222,,13.635,166,18,21,,
T,2023-11-14 16:41:25,42.19387521,-71.11846953,1.65,30.684,,14.455,166,19,21,,
T,2023-11-14 16:41:26,42.19374585,-71.11842757,1.63,29.476,,14.927,167,19,21,,
T,2023-11-14 16:41:27,42.19361414,-71.11838717,1.62,28.530,,15.418,167,19,21,,
T,2023-11-14 16:41:28,42.19347657,-71.11834554,1.64,27.929,,15.513,167,19,21,,
T,2023-11-14 16:41:29,42.19334025,-71.11830365,1.65,27.162,,15.411,167,19,21,,
T,2023-11-14 16:41:30,42.19320786,-71.11826240,1.63,26.536,,15.307,168,19,21,,
T,2023-11-14 16:41:31,42.19304517,-71.11821446,1.66,25.897,,15.179,167,19,21,,
T,2023-11-14 16:41:32,42.19294246,-71.11818373,1.62,25.601,,15.058,167,20,21,,
T,2023-11-14 16:41:33,42.19281162,-71.11814602,1.63,25.296,,14.730,168,21,21,,
T,2023-11-14 16:41:34,42.19268813,-71.11811269,1.63,24.867,,14.504,168,21,21,,
T,2023-11-14 16:41:35,42.19255371,-71.11807554,1.63,24.425,,14.577,168,21,21,,
T,2023-11-14 16:41:36,42.19242359,-71.11803851,1.63,23.942,,14.587,168,20,21,,
T,2023-11-14 16:41:37,42.19230060,-71.11800342,1.63,23.708,,14.620,167,20,21,,
T,2023-11-14 16:41:38,42.19216680,-71.11796257,1.65,23.402,,14.522,168,19,21,,
T,2023-11-14 16:41:39,42.19204007,-71.11792761,1.66,23.322,,14.286,169,20,21,,
T,2023-11-14 16:41:40,42.19192254,-71.11789585,1.63,22.963,,13.809,168,21,21,,
T,2023-11-14 16:41:41,42.19179779,-71.11786193,1.62,22.734,,13.276,168,21,21,,
T,2023-11-14 16:41:42,42.19168271,-71.11783398,1.61,22.280,,12.222,172,21,21,,
T,2023-11-14 16:41:43,42.19157768,-71.11782319,1.58,22.176,,11.449,178,20,21,,
T,2023-11-14 16:41:44,42.19147448,-71.11783180,1.59,21.797,,11.250,186,20,21,,
T,2023-11-14 16:41:45,42.19138036,-71.11786492,1.60,21.680,,11.382,196,21,21,,
T,2023-11-14 16:41:46,42.19127771,-71.11792942,1.61,21.382,,12.246,206,21,21,,
T,2023-11-14 16:41:47,42.19117925,-71.11802238,1.62,20.440,,13.380,215,21,21,,
T,2023-11-14 16:41:48,42.19108522,-71.11813263,1.59,19.344,,14.376,218,21,21,,
T,2023-11-14 16:41:49,42.19097749,-71.11825826,1.61,18.829,,14.975,219,21,21,,
T,2023-11-14 16:41:50,42.19087226,-71.11838192,1.64,18.174,,15.221,220,21,21,,
T,2023-11-14 16:41:51,42.19076834,-71.11850207,1.67,18.104,,14.988,220,21,21,,
T,2023-11-14 16:41:52,42.19066806,-71.11862154,1.68,17.697,,14.800,220,20,21,,
T,2023-11-14 16:41:53,42.19057343,-71.11873130,1.69,17.260,,14.556,219,19,21,,
T,2023-11-14 16:41:54,42.19046491,-71.11884639,1.70,16.790,,14.620,217,19,21,,
T,2023-11-14 16:41:55,42.19035417,-71.11894894,1.68,16.684,,14.668,214,20,21,,
T,2023-11-14 16:41:56,42.19024656,-71.11904026,1.67,16.395,,14.750,211,19,21,,
T,2023-11-14 16:41:57,42.19012680,-71.11912618,1.69,16.272,,14.315,206,20,21,,
T,2023-11-14 16:41:58,42.19000958,-71.11919622,1.71,16.146,,13.906,204,20,21,,
T,2023-11-14 16:41:59,42.18989528,-71.11925671,1.71,16.225,,13.626,203,21,21,,
T,2023-11-14 16:42:00,42.18977361,-71.11932039,1.73,16.229,,13.513,202,21,21,,
T,2023-11-14 16:42:01,42.18965846,-71.11938242,1.75,16.108,,13.280,202,19,21,,
T,2023-11-14 16:42:02,42.18954518,-71.11944162,1.77,15.973,,13.127,202,20,21,,
T,2023-11-14 16:42:02.999,42.18942960,-71.11950501,1.76,16.002,,13.099,203,21,21,,
T,2023-11-14 16:42:03.999,42.18931696,-71.11956648,1.76,15.874,,12.984,203,21,21,,
T,2023-11-14 16:42:04.999,42.18920335,-71.11962904,1.74,15.703,,13.034,202,21,21,,
T,2023-11-14 16:42:05.999,42.18908796,-71.11969370,1.74,15.654,,13.145,202,21,21,,
T,2023-11-14 16:42:06.999,42.18897518,-71.11975550,1.75,15.509,,13.202,202,21,21,,
T,2023-11-14 16:42:07.999,42.18885779,-71.11981971,1.71,15.276,,13.511,202,19,21,,
T,2023-11-14 16:42:08.999,42.18874136,-71.11988448,1.70,15.296,,13.612,202,21,21,,
T,2023-11-14 16:42:09.999,42.18862489,-71.11994661,1.71,15.202,,13.778,202,21,21,,
T,2023-11-14 16:42:10.999,42.18850692,-71.12001203,1.72,15.403,,13.959,202,21,21,,
T,2023-11-14 16:42:11.999,42.18838676,-71.12007793,1.75,15.383,,14.291,202,21,21,,
T,2023-11-14 16:42:12.999,42.18826670,-71.12014510,1.75,15.407,,14.628,202,20,21,,
T,2023-11-14 16:42:13.999,42.18814350,-71.12021276,1.77,15.691,,15.028,202,21,21,,
T,2023-11-14 16:42:14.999,42.18801571,-71.12028188,1.81,15.941,,15.280,202,20,21,,
T,2023-11-14 16:42:15.999,42.18788877,-71.12035315,1.84,16.252,,15.452,203,19,21,,
T,2023-11-14 16:42:16.999,42.18776009,-71.12042962,1.84,16.204,,15.545,204,19,21,,
T,2023-11-14 16:42:17.999,42.18763667,-71.12050777,1.82,15.513,,15.506,205,19,21,,
T,2023-11-14 16:42:18.999,42.18751447,-71.12058985,1.82,14.948,,15.590,207,19,21,,
T,2023-11-14 16:42:19.999,42.18739337,-71.12068079,1.83,14.290,,15.680,209,19,21,,
T,2023-11-14 16:42:20.999,42.18727558,-71.12077334,1.85,13.646,,15.744,210,18,21,,
T,2023-11-14 16:42:21.999,42.18715383,-71.12087061,1.83,13.029,,15.891,211,19,21,,
T,2023-11-14 16:42:22.999,42.18702918,-71.12097263,1.81,12.533,,16.130,211,19,21,,
T,2023-11-14 16:42:23.999,42.18690428,-71.12107654,1.82,12.094,,16.518,211,19,21,,
T,2023-11-14 16:42:24.999,42.18677292,-71.12118430,1.83,11.605,,16.892,211,18,21,,
T,2023-11-14 16:42:25.999,42.18664036,-71.12129340,1.87,11.294,,17.064,212,18,21,,
T,2023-11-14 16:42:26.999,42.18650776,-71.12140504,1.89,10.927,,17.179,212,18,21,,
T,2023-11-14 16:42:27.999,42.18637569,-71.12151675,1.92,10.534,,17.235,213,18,21,,
T,2023-11-14 16:42:28.999,42.18624220,-71.12163338,1.91,10.096,,17.276,213,19,21,,
T,2023-11-14 16:42:29.999,42.18610961,-71.12175149,1.88,9.730,,17.319,214,19,21,,
T,2023-11-14 16:42:30.999,42.18597560,-71.12187577,1.84,9.544,,17.260,216,19,21,,
T,2023-11-14 16:42:31.999,42.18584899,-71.12199879,1.81,9.613,,17.166,216,19,21,,
T,2023-11-14 16:42:32.999,42.18572021,-71.12212682,1.80,9.934,,17.178,216,19,21,,
T,2023-11-14 16:42:33.999,42.18559322,-71.12224985,1.78,9.468,,17.311,216,20,21,,
T,2023-11-14 16:42:34.999,42.18546120,-71.12237674,1.72,9.376,,17.458,216,20,21,,
T,2023-11-14 16:42:35.999,42.18532935,-71.12250623,1.69,9.640,,17.660,217,19,21,,
T,2023-11-14 16:42:36.999,42.18519982,-71.12263501,1.68,9.933,,17.731,217,20,21,,
T,2023-11-14 16:42:37.999,42.18506970,-71.12276448,1.67,10.451,,17.521,217,20,21,,
T,2023-11-14 16:42:38.999,42.18494247,-71.12289005,1.66,11.193,,17.086,216,21,21,,
T,2023-11-14 16:42:39.999,42.18481900,-71.12301078,1.65,12.256,,16.754,216,21,21,,
T,2023-11-14 16:42:40.999,42.18469480,-71.12313241,1.64,13.582,,16.300,216,21,21,,
T,2023-11-14 16:42:41.999,42.18458033,-71.12324320,1.62,14.748,,15.979,216,21,21,,
T,2023-11-14 16:42:42.999,42.18446416,-71.12335645,1.62,15.521,,15.765,216,21,21,,
T,2023-11-14 16:42:43.999,42.18434857,-71.12346910,1.61,16.110,,15.687,216,21,21,,
T,2023-11-14 16:42:44.999,42.18423665,-71.12357859,1.61,16.822,,15.488,217,20,21,,
T,2023-11-14 16:42:45.999,42.18412543,-71.12369118,1.63,17.612,,15.224,218,21,21,,
T,2023-11-14 16:42:46.999,42.18402048,-71.12380934,1.63,18.390,,14.834,221,21,21,,
T,2023-11-14 16:42:47.999,42.18392456,-71.12393016,1.66,18.899,,14.675,224,20,21,,
T,2023-11-14 16:42:48.999,42.18383357,-71.12406054,1.68,19.612,,14.678,227,20,21,,
T,2023-11-14 16:42:49.999,42.18375086,-71.12418989,1.67,19.817,,14.939,229,20,21,,
T,2023-11-14 16:42:50.999,42.18366063,-71.12433183,1.70,20.259,,15.095,229,20,21,,
T,2023-11-14 16:42:51.999,42.18357464,-71.12447365,1.71,20.405,,15.083,230,20,21,,
T,2023-11-14 16:42:52.999,42.18348913,-71.12461491,1.72,20.814,,14.993,231,19,21,,
T,2023-11-14 16:42:53.999,42.18340562,-71.12475850,1.75,20.722,,14.721,232,19,21,,
T,2023-11-14 16:42:54.999,42.18332769,-71.12489337,1.77,20.571,,14.602,233,19,21,,
T,2023-11-14 16:42:55.999,42.18324630,-71.12504093,1.79,20.438,,14.752,234,20,21,,
T,2023-11-14 16:42:56.999,42.18315353,-71.12522609,1.82,20.018,,14.847,236,20,21,,
T,2023-11-14 16:42:57.999,42.18310334,-71.12533570,1.77,19.902,,13.901,236,20,21,,
T,2023-11-14 16:42:58.999,42.18303962,-71.12547490,1.77,19.588,,12.835,236,20,21,,
T,2023-11-14 16:42:59.999,42.18296841,-71.12562490,1.80,19.209,,12.067,235,20,21,,
T,2023-11-14 16:43:00.999,42.18290051,-71.12576868,1.82,19.276,,12.124,235,20,21,,
T,2023-11-14 16:43:01.999,42.18282532,-71.12591404,1.87,19.402,,12.276,234,20,21,,
T,2023-11-14 16:43:02.999,42.18273932,-71.12605870,1.93,19.528,,12.707,230,20,21,,
T,2023-11-14 16:43:03.999,42.18265644,-71.12619315,1.93,18.472,,12.778,227,20,21,,
T,2023-11-14 16:43:04.999,42.18255557,-71.12632513,1.91,17.221,,13.332,222,19,21,,
T,2023-11-14 16:43:05.999,42.18244507,-71.12644413,1.86,16.019,,13.793,217,20,21,,
T,2023-11-14 16:43:06.999,42.18233083,-71.12655546,1.83,15.647,,14.197,215,19,21,,
T,2023-11-14 16:43:07.999,42.18220954,-71.12666340,1.81,15.480,,14.330,213,19,21,,
T,2023-11-14 16:43:08.999,42.18208681,-71.12676914,1.81,15.331,,14.785,213,20,21,,
T,2023-11-14 16:43:09.999,42.18196453,-71.12687922,1.86,15.155,,15.366,214,20,21,,
T,2023-11-14 16:43:10.999,42.18183087,-71.12699950,1.83,15.362,,16.096,214,20,21,,
T,2023-11-14 16:43:11.999,42.18169373,-71.12711913,1.78,16.137,,16.809,214,20,21,,
T,2023-11-14 16:43:12.999,42.18156330,-71.12723482,1.75,16.997,,17.228,214,21,21,,
T,2023-11-14 16:43:13.999,42.18142588,-71.12736058,1.79,17.845,,17.348,214,21,21,,
T,2023-11-14 16:43:14.999,42.18129215,-71.12748323,1.81,19.143,,17.311,214,21,21,,
T,2023-11-14 16:43:15.999,42.18116955,-71.12759750,1.82,20.270,,17.101,214,20,21,,
T,2023-11-14 16:43:16.999,42.18103703,-71.12771879,1.86,21.302,,16.864,213,21,21,,
T,2023-11-14 16:43:17.999,42.18091170,-71.12783214,1.86,22.679,,16.566,214,20,21,,
T,2023-11-14 16:43:18.999,42.18078806,-71.12794215,1.87,23.662,,16.496,214,19,20,,
T,2023-11-14 16:43:19.999,42.18066417,-71.12805173,1.89,24.589,,16.388,214,20,20,,
T,2023-11-14 16:43:20.999,42.18054449,-71.12815878,1.87,25.351,,16.149,214,20,20,,
T,2023-11-14 16:43:21.999,42.18042803,-71.12826473,1.85,25.581,,15.871,214,20,20,,
T,2023-11-14 16:43:22.999,42.18030860,-71.12836943,1.83,25.928,,15.739,212,20,20,,
T,2023-11-14 16:43:23.999,42.18019615,-71.12846398,1.80,25.849,,15.713,211,20,20,,
T,2023-11-14 16:43:24.999,42.18007298,-71.12856408,1.79,25.658,,15.772,210,20,20,,
T,2023-11-14 16:43:25.999,42.17995724,-71.12865127,1.75,25.328,,15.866,209,20,20,,
T,2023-11-14 16:43:26.999,42.17982787,-71.12874625,1.75,25.111,,16.055,209,20,20,,
T,2023-11-14 16:43:27.999,42.17970703,-71.12883526,1.73,24.945,,16.280,209,20,20,,
T,2023-11-14 16:43:28.999,42.17957214,-71.12893441,1.76,24.736,,16.508,209,20,21,,
T,2023-11-14 16:43:29.999,42.17943928,-71.12903212,1.76,24.351,,16.769,209,20,21,,
T,2023-11-14 16:43:30.999,42.17930970,-71.12912854,1.74,24.029,,16.867,209,20,21,,
T,2023-11-14 16:43:31.999,42.17917529,-71.12922994,1.70,23.349,,17.137,209,20,21,,
T,2023-11-14 16:43:32.999,42.17904507,-71.12932745,1.67,22.861,,17.420,208,20,21,,
T,2023-11-14 16:43:33.999,42.17890453,-71.12943068,1.67,22.511,,17.744,209,20,21,,
T,2023-11-14 16:43:34.999,42.17875677,-71.12954075,1.68,22.456,,18.003,209,20,21,,
T,2023-11-14 16:43:35.999,42.17861393,-71.12964695,1.66,22.560,,18.156,209,20,21,,
T,2023-11-14 16:43:36.999,42.17847704,-71.12974972,1.65,22.680,,18.286,209,20,21,,
T,2023-11-14 16:43:37.999,42.17832661,-71.12986002,1.64,22.935,,18.408,209,20,21,,
T,2023-11-14 16:43:38.999,42.17818805,-71.12996182,1.63,23.201,,18.412,209,20,21,,
T,2023-11-14 16:43:39.999,42.17803646,-71.13007320,1.64,23.604,,18.443,209,20,21,,
T,2023-11-14 16:43:40.999,42.17788998,-71.13018123,1.66,23.987,,18.430,209,20,21,,
T,2023-11-14 16:43:41.999,42.17774995,-71.13028479,1.67,24.371,,18.345,209,20,21,,
T,2023-11-14 16:43:42.999,42.17759954,-71.13039715,1.70,25.047,,17.998,209,20,21,,
T,2023-11-14 16:43:43.999,42.17745907,-71.13050683,1.72,25.673,,17.648,210,20,21,,
T,2023-11-14 16:43:44.999,42.17732576,-71.13061713,1.72,26.405,,17.394,213,20,21,,
T,2023-11-14 16:43:45.999,42.17719736,-71.13073464,1.73,27.420,,17.093,215,20,21,,
T,2023-11-14 16:43:46.999,42.17707431,-71.13085420,1.76,28.427,,16.871,216,20,21,,
T,2023-11-14 16:43:47.999,42.17695550,-71.13097416,1.76,29.419,,14.890,217,20,21,,
T,2023-11-14 16:43:48.999,42.17686048,-71.13107271,1.74,30.019,,12.391,217,20,21,,
T,2023-11-14 16:43:49.999,42.17677878,-71.13115625,1.74,30.484,,9.521,217,21,21,,
T,2023-11-14 16:43:50.999,42.17671932,-71.13121496,1.71,30.763,,7.306,217,20,21,,
T,2023-11-14 16:43:51.999,42.17667951,-71.13125551,1.71,31.153,,5.279,217,20,21,,
T,2023-11-14 16:43:52.999,42.17665467,-71.13128066,1.72,31.181,,3.142,217,20,20,,
T,2023-11-14 16:43:53.999,42.17664859,-71.13128688,1.31,31.132,,1.069,217,20,20,,
T,2023-11-14 16:43:54.999,42.17664999,-71.13128539,1.33,31.249,,0.244,217,20,20,,
T,2023-11-14 16:43:55.999,42.17665701,-71.13127825,1.34,31.297,,0.038,217,20,21,,
T,2023-11-14 16:43:56.999,42.17666167,-71.13127353,1.36,31.653,,0.124,217,20,21,,
T,2023-11-14 16:43:57.999,42.17666170,-71.13127352,1.33,32.156,,0.073,217,20,21,,
T,2023-11-14 16:43:58.999,42.17666308,-71.13127212,1.34,32.050,,0.002,217,20,21,,
T,2023-11-14 16:43:59.999,42.17666272,-71.13127248,1.40,31.938,,0.004,217,20,21,,
T,2023-11-14 16:44:00.999,42.17666254,-71.13127267,1.47,31.888,,0.003,217,19,21,,
T,2023-11-14 16:44:01.999,42.17666248,-71.13127272,1.53,31.882,,0.002,217,20,21,,
T,2023-11-14 16:44:02.999,42.17666246,-71.13127274,1.60,31.883,,0.001,217,20,21,,
T,2023-11-14 16:44:03.999,42.17666246,-71.13127275,1.66,31.887,,0.001,217,21,21,,
T,2023-11-14 16:44:04.999,42.17666246,-71.13127274,1.72,31.890,,0.000,217,21,21,,
T,2023-11-14 16:44:05.999,42.17666608,-71.13126905,1.57,33.639,,0.004,217,21,21,,
T,2023-11-14 16:44:06.999,42.17666532,-71.13126971,1.48,34.720,,1.040,217,21,21,,
T,2023-11-14 16:44:07.999,42.17664438,-71.13129272,1.48,35.597,,2.952,217,21,21,,
T,2023-11-14 16:44:08.999,42.17660820,-71.13133165,1.52,36.816,,4.870,216,21,21,,
T,2023-11-14 16:44:09.999,42.17656285,-71.13137603,1.57,39.378,,6.652,216,20,21,,
T,2023-11-14 16:44:10.999,42.17650462,-71.13143197,1.63,41.988,,8.374,217,19,20,,
T,2023-11-14 16:44:11.999,42.17642848,-71.13149751,4.46,33.026,,7.455,212,19,21,,
T,2023-11-14 16:44:12.999,42.17634816,-71.13158832,4.47,34.708,,8.751,208,19,20,,
T,2023-11-14 16:44:13.999,42.17624656,-71.13167625,4.52,35.807,,8.791,210,19,20,,
T,2023-11-14 16:44:14.999,42.17615387,-71.13177873,4.75,36.291,,10.166,215,18,19,,
T,2023-11-14 16:44:15.999,42.17608120,-71.13192891,4.56,31.901,,12.432,223,18,20,,
T,2023-11-14 16:44:16.999,42.17599376,-71.13207658,4.50,28.230,,14.802,231,18,20,,
T,2023-11-14 16:44:17.999,42.17591439,-71.13222758,4.33,27.394,,14.942,233,19,21,,
T,2023-11-14 16:44:18.999,42.17583697,-71.13237299,4.28,27.645,,15.684,233,20,21,,
T,2023-11-14 16:44:19.999,42.17575015,-71.13252190,4.24,28.965,,15.956,232,20,21,,
T,2023-11-14 16:44:20.999,42.17569063,-71.13269666,1.95,41.974,,16.676,233,20,21,,
T,2023-11-14 16:44:21.999,42.17559927,-71.13285737,1.95,41.250,,16.894,233,19,21,,
T,2023-11-14 16:44:22.999,42.17550919,-71.13301664,1.94,40.761,,17.046,233,20,21,,
T,2023-11-14 16:44:23.999,42.17541776,-71.13317993,1.94,40.196,,17.102,233,20,21,,
T,2023-11-14 16:44:24.999,42.17532524,-71.13334133,1.94,39.745,,17.070,233,19,21,,
T,2023-11-14 16:44:25.999,42.17523216,-71.13350369,1.95,39.247,,16.995,233,18,21,,
T,2023-11-14 16:44:26.999,42.17514080,-71.13366523,1.90,38.809,,16.801,233,18,21,,
T,2023-11-14 16:44:27.999,42.17505171,-71.13382560,1.86,38.424,,16.726,233,18,21,,
T,2023-11-14 16:44:28.999,42.17496168,-71.13398460,1.86,37.946,,16.631,233,19,21,,
T,2023-11-14 16:44:29.999,42.17487316,-71.13414514,1.84,37.588,,16.572,233,20,21,,
T,2023-11-14 16:44:30.999,42.17478400,-71.13430627,1.85,37.329,,16.561,233,20,21,,
T,2023-11-14 16:44:31.999,42.17469785,-71.13446660,1.85,37.185,,16.555,233,20,21,,
T,2023-11-14 16:44:32.999,42.17460779,-71.13463141,1.83,36.899,,16.641,234,19,21,,
T,2023-11-14 16:44:33.999,42.17451974,-71.13479233,1.80,36.619,,16.650,234,19,21,,
T,2023-11-14 16:44:34.999,42.17443078,-71.13495780,1.81,36.345,,16.608,234,19,21,,
T,2023-11-14 16:44:35.999,42.17434426,-71.13512336,1.83,36.248,,16.514,235,19,21,,
T,2023-11-14 16:44:36.999,42.17425853,-71.13528514,1.85,36.161,,16.408,234,20,21,,
T,2023-11-14 16:44:37.999,42.17417318,-71.13544787,1.88,35.994,,16.270,235,20,21,,
T,2023-11-14 16:44:38.999,42.17408881,-71.13560924,1.88,35.875,,16.246,235,19,21,,
T,2023-11-14 16:44:39.999,42.17400363,-71.13577028,1.89,35.764,,16.347,235,19,21,,
T,2023-11-14 16:44:40.999,42.17391666,-71.13593245,1.92,35.875,,16.372,234,18,21,,
T,2023-11-14 16:44:41.999,42.17382943,-71.13609570,1.92,35.864,,16.510,234,20,21,,
T,2023-11-14 16:44:42.999,42.17374634,-71.13625903,1.89,36.005,,16.570,235,20,21,,
T,2023-11-14 16:44:43.999,42.17366247,-71.13642636,1.88,35.934,,16.662,236,20,21,,
T,2023-11-14 16:44:44.999,42.17358208,-71.13659717,1.87,35.704,,16.732,237,20,21,,
T,2023-11-14 16:44:45.999,42.17350593,-71.13676639,1.85,35.481,,16.634,237,20,21,,
T,2023-11-14 16:44:46.999,42.17343040,-71.13693676,1.83,35.413,,16.206,238,20,21,,
T,2023-11-14 16:44:47.999,42.17335886,-71.13709684,1.82,35.531,,15.255,238,20,21,,
T,2023-11-14 16:44:48.999,42.17328979,-71.13724767,1.81,35.529,,14.152,237,19,21,,
T,2023-11-14 16:44:49.999,42.17322566,-71.13738769,1.81,35.290,,13.281,238,19,21,,
T,2023-11-14 16:44:50.999,42.17316556,-71.13751785,1.79,35.143,,12.560,238,19,21,,
T,2023-11-14 16:44:51.999,42.17310830,-71.13764134,1.77,35.118,,11.145,239,20,21,,
T,2023-11-14 16:44:52.999,42.17306042,-71.13774456,1.73,34.691,,8.978,239,20,21,,
T,2023-11-14 16:44:53.999,42.17302342,-71.13782736,1.72,34.734,,7.787,240,20,21,,
T,2023-11-14 16:44:54.999,42.17299056,-71.13790113,1.73,34.523,,7.120,240,19,21,,
T,2023-11-14 16:44:55.999,42.17295956,-71.13797199,1.74,34.524,,6.978,240,21,21,,
T,2023-11-14 16:44:56.999,42.17292462,-71.13804812,1.74,34.636,,7.470,240,19,21,,
T,2023-11-14 16:44:57.999,42.17289120,-71.13813083,1.73,34.700,,8.002,241,19,21,,
T,2023-11-14 16:44:58.999,42.17285574,-71.13821957,1.71,34.399,,8.796,242,21,21,,
T,2023-11-14 16:44:59.999,42.17281762,-71.13831567,1.71,34.276,,9.601,242,21,21,,
T,2023-11-14 16:45:00.999,42.17277447,-71.13842009,1.73,34.295,,10.458,242,21,21,,
T,2023-11-14 16:45:01.999,42.17272781,-71.13853798,1.76,34.483,,11.292,241,19,21,,
T,2023-11-14 16:45:02.999,42.17267589,-71.13865715,1.74,34.395,,11.857,240,20,21,,
T,2023-11-14 16:45:03.999,42.17262087,-71.13878368,1.79,34.200,,12.323,240,19,21,,
T,2023-11-14 16:45:04.999,42.17256305,-71.13891589,1.79,33.927,,12.742,240,19,21,,
T,2023-11-14 16:45:05.999,42.17250073,-71.13905084,1.77,33.739,,12.917,240,19,21,,
T,2023-11-14 16:45:06.999,42.17243846,-71.13918946,1.79,33.559,,13.196,240,20,21,,
T,2023-11-14 16:45:07.999,42.17237852,-71.13932894,1.81,33.092,,13.543,241,20,21,,
T,2023-11-14 16:45:08.999,42.17231824,-71.13947477,1.82,32.534,,13.725,240,20,21,,
T,2023-11-14 16:45:09.999,42.17225314,-71.13961924,1.82,32.410,,13.919,239,20,21,,
T,2023-11-14 16:45:10.999,42.17218590,-71.13976559,1.80,32.202,,14.271,240,20,21,,
T,2023-11-14 16:45:11.999,42.17211918,-71.13991865,1.81,32.084,,14.528,239,20,21,,
T,2023-11-14 16:45:12.999,42.17204944,-71.14007001,1.81,32.175,,14.696,237,20,21,,
T,2023-11-14 16:45:13.999,42.17197649,-71.14021693,1.80,32.110,,14.536,234,20,21,,
T,2023-11-14 16:45:14.999,42.17189635,-71.14035704,1.79,32.134,,14.514,231,19,21,,
T,2023-11-14 16:45:15.999,42.17181188,-71.14049025,1.79,31.756,,14.395,230,20,21,,
T,2023-11-14 16:45:16.999,42.17172678,-71.14061801,1.79,31.535,,14.100,227,19,21,,
T,2023-11-14 16:45:17.999,42.17163608,-71.14073818,1.81,31.547,,13.665,223,19,21,,
T,2023-11-14 16:45:18.999,42.17153710,-71.14084103,1.82,31.594,,13.255,217,18,21,,
T,2023-11-14 16:45:19.999,42.17143349,-71.14092765,1.82,31.690,,12.581,212,18,21,,
T,2023-11-14 16:45:20.999,42.17133915,-71.14099198,1.77,31.641,,11.607,207,19,21,,
T,2023-11-14 16:45:21.999,42.17125457,-71.14104267,1.73,32.042,,9.977,206,19,21,,
T,2023-11-14 16:45:22.999,42.17118550,-71.14108399,1.70,32.544,,8.433,208,19,21,,
T,2023-11-14 16:45:23.999,42.17112985,-71.14112798,1.73,32.302,,7.292,219,19,20,,
T,2023-11-14 16:45:24.999,42.17109663,-71.14118916,1.71,32.312,,6.782,240,20,21,,
T,2023-11-14 16:45:25.999,42.17107955,-71.14126915,1.72,32.224,,7.503,254,17,21,,
T,2023-11-14 16:45:26.999,42.17106626,-71.14136689,1.72,32.034,,8.447,255,20,21,,
T,2023-11-14 16:45:27.999,42.17104796,-71.14147280,1.72,31.970,,9.091,251,18,21,,
T,2023-11-14 16:45:28.999,42.17101778,-71.14158328,1.73,32.201,,10.014,248,19,21,,
T,2023-11-14 16:45:29.999,42.17098620,-71.14170386,1.71,31.912,,10.790,248,19,21,,
T,2023-11-14 16:45:30.999,42.17095003,-71.14182976,1.71,31.739,,11.618,248,19,21,,
T,2023-11-14 16:45:31.999,42.17091029,-71.14196401,1.73,31.536,,12.173,248,19,21,,
T,2023-11-14 16:45:32.999,42.17086985,-71.14209848,1.76,31.576,,12.739,248,19,21,,
T,2023-11-14 16:45:33.999,42.17082810,-71.14225373,1.78,31.346,,13.356,249,19,21,,
T,2023-11-14 16:45:34.999,42.17078655,-71.14241104,1.78,31.491,,13.870,250,19,21,,
T,2023-11-14 16:45:35.999,42.17074639,-71.14256429,1.78,31.785,,14.192,251,19,21,,
T,2023-11-14 16:45:36.999,42.17070425,-71.14273650,1.80,32.248,,14.206,252,19,21,,
T,2023-11-14 16:45:37.999,42.17067069,-71.14289537,1.79,32.596,,14.190,254,19,21,,
T,2023-11-14 16:45:38.999,42.17063964,-71.14307033,1.78,33.159,,14.263,256,19,21,,
T,2023-11-14 16:45:39.999,42.17061301,-71.14324065,1.79,33.771,,14.032,257,20,21,,
T,2023-11-14 16:45:40.999,42.17059065,-71.14340448,1.79,34.243,,13.501,259,19,21,,
T,2023-11-14 16:45:41.999,42.17056910,-71.14356124,1.79,34.552,,12.942,260,20,21,,
T,2023-11-14 16:45:42.999,42.17054877,-71.14371411,1.80,35.040,,12.162,260,20,21,,
T,2023-11-14 16:45:43.999,42.17052948,-71.14385426,1.79,35.490,,10.815,260,20,21,,
T,2023-11-14 16:45:44.999,42.17051413,-71.14397238,1.79,36.075,,8.856,260,21,21,,
T,2023-11-14 16:45:45.999,42.17050271,-71.14406499,1.80,36.899,,6.846,260,20,21,,
T,2023-11-14 16:45:46.999,42.17049072,-71.14413145,1.80,37.471,,5.506,250,21,21,,
T,2023-11-14 16:45:47.999,42.17046206,-71.14417286,1.78,37.545,,4.870,225,21,21,,
T,2023-11-14 16:45:48.999,42.17042260,-71.14418908,1.77,37.655,,4.699,198,20,21,,
T,2023-11-14 16:45:49.999,42.17037434,-71.14417768,1.78,37.736,,4.906,174,20,20,,
T,2023-11-14 16:45:50.999,42.17032713,-71.14415774,1.76,37.474,,4.658,166,20,21,,
T,2023-11-14 16:45:51.999,42.17028119,-71.14413267,1.73,37.384,,4.514,165,20,21,,
T,2023-11-14 16:45:52.999,42.17023550,-71.14410762,1.71,37.237,,4.203,165,19,21,,
T,2023-11-14 16:45:53.999,42.17019392,-71.14408691,1.70,37.014,,3.772,165,19,21,,
T,2023-11-14 16:45:54.999,42.17015876,-71.14407095,1.71,36.348,,3.141,167,19,21,,
T,2023-11-14 16:45:55.999,42.17013096,-71.14405755,1.74,35.660,,1.795,169,19,21,,
T,2023-11-14 16:45:56.999,42.17011782,-71.14405432,1.29,35.295,,0.268,170,16,21,,
T,2023-11-14 16:45:57.999,42.17011666,-71.14405408,1.33,35.206,,0.346,170,18,21,,
T,2023-11-14 16:45:58.999,42.17011690,-71.14405419,1.38,35.008,,0.335,170,16,21,,
T,2023-11-14 16:45:59.999,42.17011381,-71.14405348,1.40,34.456,,0.278,170,17,21,,
T,2023-11-14 16:46:00.999,42.17011002,-71.14405262,1.40,33.958,,0.227,170,18,21,,
T,2023-11-14 16:46:01.999,42.17010725,-71.14405201,1.42,33.500,,0.193,170,16,21,,
T,2023-11-14 16:46:02.999,42.17010251,-71.14405090,1.42,33.377,,0.151,170,18,20,,
T,2023-11-14 16:46:03.999,42.17010352,-71.14405116,1.42,32.628,,0.003,170,17,20,,
T,2023-11-14 16:46:04.999,42.17010356,-71.14405117,1.48,32.326,,0.004,170,18,20,,
T,2023-11-14 16:46:05.999,42.17010366,-71.14405119,1.54,32.139,,0.003,170,17,20,,
T,2023-11-14 16:46:06.999,42.17010383,-71.14405124,1.60,32.020,,0.002,170,18,20,,
T,2023-11-14 16:46:07.999,42.17010392,-71.14405126,1.66,31.975,,0.001,170,18,20,,
T,2023-11-14 16:46:08.999,42.17010395,-71.14405126,1.72,31.959,,0.001,170,17,20,,
T,2023-11-14 16:46:09.999,42.17010397,-71.14405127,1.78,31.950,,0.000,170,15,20,,
T,2023-11-14 16:46:10.999,42.17009958,-71.14405015,1.66,32.002,,0.012,170,17,20,,
T,2023-11-14 16:46:11.999,42.17009614,-71.14404928,1.59,31.966,,0.019,170,17,20,,
T,2023-11-14 16:46:12.999,42.17009365,-71.14404863,1.55,31.861,,0.047,170,16,20,,
T,2023-11-14 16:46:13.999,42.17009118,-71.14404800,1.52,31.762,,0.047,170,15,20,,
T,2023-11-14 16:46:14.999,42.17009002,-71.14404770,1.51,31.910,,0.044,170,15,20,,
T,2023-11-14 16:46:15.999,42.17008799,-71.14404719,1.50,31.845,,0.061,170,16,20,,
T,2023-11-14 16:46:16.999,42.17008886,-71.14404741,1.54,31.747,,0.001,170,16,20,,
T,2023-11-14 16:46:17.999,42.17008907,-71.14404746,1.60,31.630,,0.001,170,16,20,,
T,2023-11-14 16:46:18.999,42.17008913,-71.14404747,1.66,31.618,,0.001,170,16,20,,
T,2023-11-14 16:46:19.999,42.17008922,-71.14404749,1.71,31.581,,0.000,170,16,19,,
T,2023-11-14 16:46:20.999,42.17008928,-71.14404751,1.77,31.547,,0.000,170,15,20,,
T,2023-11-14 16:46:21.999,42.17008931,-71.14404752,1.83,31.532,,0.000,170,16,20,,
T,2023-11-14 16:46:22.999,42.17008844,-71.14404729,1.73,32.675,,0.001,170,16,20,,
T,2023-11-14 16:46:23.999,42.17008870,-71.14404732,1.66,33.156,,0.020,170,16,20,,
T,2023-11-14 16:46:24.999,42.17008848,-71.14404726,1.61,35.978,,0.024,170,16,20,,
T,2023-11-14 16:46:25.999,42.17009543,-71.14404899,1.66,31.531,,0.001,170,15,20,,
T,2023-11-14 16:46:26.999,42.17008945,-71.14404746,1.61,38.071,,0.004,170,15,20,,
T,2023-11-14 16:46:27.999,42.17008413,-71.14404607,1.56,42.381,,0.014,170,16,20,,
T,2023-11-14 16:46:28.999,42.17007875,-71.14404468,1.55,45.514,,0.041,170,16,20,,
T,2023-11-14 16:46:29.999,42.17007975,-71.14401661,4.66,32.575,,0.850,157,15,20,,
T,2023-11-14 16:46:30.999,42.17007905,-71.14401475,4.81,33.976,,1.370,154,16,20,,
T,2023-11-14 16:46:31.999,42.17008266,-71.14401422,4.96,34.022,,1.829,149,15,20,,
T,2023-11-14 16:46:32.999,42.17008809,-71.14401409,5.30,34.413,,2.432,143,14,20,,
T,2023-11-14 16:46:33.999,42.17008130,-71.14399405,5.28,34.173,,2.920,142,14,20,,
T,2023-11-14 16:46:34.999,42.17005935,-71.14396446,5.19,35.229,,4.206,142,14,19,,
T,2023-11-14 16:46:35.999,42.17004821,-71.14395288,5.31,34.898,,4.747,142,14,19,,
T,2023-11-14 16:46:36.999,42.17005077,-71.14395030,5.39,33.373,,5.172,139,14,19,,
T,2023-11-14 16:46:37.999,42.17003326,-71.14393943,5.20,34.809,,3.872,142,14,19,,
T,2023-11-14 16:46:38.999,42.17005068,-71.14396354,5.60,34.383,,2.978,150,13,19,,
T,2023-11-14 16:46:39.999,42.17003594,-71.14396603,5.45,35.160,,2.585,161,14,20,,
T,2023-11-14 16:46:40.999,42.17001901,-71.14397133,5.41,35.179,,3.001,161,14,19,,
T,2023-11-14 16:46:41.999,42.17000389,-71.14396145,5.43,35.965,,3.209,160,13,19,,
T,2023-11-14 16:46:42.999,42.17002705,-71.14398778,5.58,35.442,,3.151,160,12,19,,
T,2023-11-14 16:46:43.999,42.17002825,-71.14397658,5.55,32.991,,2.939,162,13,19,,
